PCSE/WOFOST OUTPUT FILE FOR: 
crop name: WINTER WHEAT
year: 2000
mode: 'wlp'
--------------------------------------------------------------
SUMMARY RESULTS:
       Day of sowing: N/A
    Day of emergence: 2000-01-01
     Day of anthesis: 2000-03-28
     Day of maturity: 2000-05-31
      Day of harvest: N/A
         Maximum LAI:  6.13
       Total biomass: 15261.8
               Yield:  7179.8
       Harvest Index:   0.470
 Total transpiration:  22.458
--------------------------------------------------------------
TIME-SERIES RESULTS:
       day,       DVS,       LAI,      TAGP,      TWSO,      TWLV,      TWST,      TWRT,       TRA,        RD,        SM,     WWLOW
2000-01-01,     0.000,     0.145,   105.000,     0.000,    68.250,    36.750,   105.000,     0.006,    10.000,     0.250,    19.090
2000-01-02,     0.009,     0.154,   111.890,     0.000,    72.728,    39.161,   111.890,     0.003,    11.200,     0.254,    18.338
2000-01-03,     0.017,     0.164,   119.031,     0.000,    77.370,    41.661,   119.031,     0.003,    12.400,     0.259,    18.322
2000-01-04,     0.024,     0.174,   126.204,     0.000,    82.032,    44.171,   126.204,     0.006,    13.600,     0.263,    18.311
2000-01-05,     0.033,     0.185,   134.276,     0.000,    87.280,    46.997,   134.276,     0.004,    14.800,     0.266,    18.288
2000-01-06,     0.041,     0.197,   142.886,     0.000,    92.876,    50.010,   142.886,     0.008,    16.000,     0.269,    18.275
2000-01-07,     0.050,     0.210,   152.516,     0.000,    99.136,    53.381,   152.516,     0.012,    17.200,     0.271,    18.252
2000-01-08,     0.059,     0.225,   163.147,     0.000,   106.045,    57.101,   163.147,     0.006,    18.400,     0.272,    18.220
2000-01-09,     0.068,     0.240,   174.315,     0.000,   113.305,    61.010,   174.315,     0.004,    19.600,     0.274,    18.205
2000-01-10,     0.076,     0.255,   185.123,     0.000,   120.330,    64.793,   185.123,     0.012,    20.800,     0.276,    18.197
2000-01-11,     0.085,     0.271,   196.682,     0.000,   127.844,    68.839,   196.682,     0.011,    22.000,     0.278,    18.173
2000-01-12,     0.093,     0.287,   208.332,     0.000,   135.416,    72.916,   208.332,     0.014,    23.200,     0.279,    18.151
2000-01-13,     0.102,     0.306,   221.715,     0.000,   144.115,    77.600,   221.715,     0.006,    24.400,     0.280,    18.124
2000-01-14,     0.108,     0.321,   233.195,     0.000,   151.584,    81.612,   233.115,     0.015,    25.600,     0.296,    18.512
2000-01-15,     0.116,     0.338,   245.215,     0.000,   159.430,    85.785,   244.741,     0.012,    26.800,     0.297,    18.503
2000-01-16,     0.124,     0.354,   256.508,     0.000,   166.832,    89.676,   255.315,     0.015,    28.000,     0.297,    18.467
2000-01-17,     0.131,     0.371,   268.697,     0.000,   174.852,    93.845,   266.396,     0.018,    29.200,     0.336,    19.603
2000-01-18,     0.141,     0.396,   286.749,     0.000,   186.772,    99.977,   282.337,     0.014,    30.400,     0.318,    19.050
2000-01-19,     0.150,     0.423,   306.245,     0.000,   199.712,   106.533,   298.869,     0.009,    31.600,     0.316,    19.008
2000-01-20,     0.158,     0.453,   326.958,     0.000,   213.520,   113.437,   315.816,     0.019,    32.800,     0.316,    18.986
2000-01-21,     0.167,     0.485,   349.450,     0.000,   228.578,   120.872,   333.606,     0.022,    34.000,     0.314,    18.947
2000-01-22,     0.176,     0.519,   373.912,     0.000,   245.023,   128.889,   352.303,     0.014,    35.200,     0.313,    18.906
2000-01-23,     0.184,     0.556,   399.326,     0.000,   262.184,   137.142,   371.027,     0.012,    36.400,     0.313,    18.882
2000-01-24,     0.190,     0.587,   421.295,     0.000,   277.078,   144.217,   386.682,     0.015,    37.600,     0.313,    18.862
2000-01-25,     0.196,     0.623,   445.994,     0.000,   293.873,   152.121,   403.854,     0.018,    38.800,     0.312,    18.839
2000-01-26,     0.201,     0.658,   470.040,     0.000,   310.272,   159.768,   420.154,     0.030,    40.000,     0.312,    18.814
2000-01-27,     0.211,     0.704,   501.924,     0.000,   332.075,   169.849,   441.254,     0.035,    41.200,     0.327,    19.430
2000-01-28,     0.221,     0.761,   540.934,     0.000,   358.878,   182.056,   465.835,     0.035,    42.400,     0.318,    19.050
2000-01-29,     0.231,     0.821,   582.328,     0.000,   387.459,   194.869,   490.595,     0.043,    43.600,     0.316,    19.003
2000-01-30,     0.242,     0.890,   628.935,     0.000,   419.795,   209.140,   517.079,     0.071,    44.800,     0.315,    18.948
2000-01-31,     0.252,     0.965,   679.549,     0.000,   455.089,   224.459,   544.288,     0.052,    46.000,     0.313,    18.859
2000-02-01,     0.263,     1.045,   734.012,     0.000,   493.108,   240.903,   571.985,     0.040,    47.200,     0.312,    18.796
2000-02-02,     0.274,     1.129,   791.198,     0.000,   532.542,   258.656,   599.436,     0.059,    48.400,     0.311,    18.748
2000-02-03,     0.288,     1.219,   853.603,     0.000,   575.022,   278.581,   627.614,     0.097,    49.600,     0.310,    18.679
2000-02-04,     0.300,     1.316,   922.116,     0.000,   620.925,   301.191,   656.281,     0.130,    50.800,     0.308,    18.568
2000-02-05,     0.313,     1.419,   995.256,     0.000,   669.189,   326.066,   684.702,     0.109,    52.000,     0.305,    18.421
2000-02-06,     0.326,     1.528,  1074.772,     0.000,   720.812,   353.960,   713.196,     0.061,    53.200,     0.303,    18.299
2000-02-07,     0.336,     1.646,  1161.559,     0.000,   776.275,   385.283,   741.912,     0.063,    54.400,     0.302,    18.232
2000-02-08,     0.346,     1.768,  1252.854,     0.000,   833.936,   418.918,   770.329,     0.075,    55.600,     0.302,    18.163
2000-02-09,     0.357,     1.899,  1352.254,     0.000,   895.899,   456.355,   799.196,     0.090,    56.800,     0.300,    18.082
2000-02-10,     0.369,     2.034,  1455.840,     0.000,   959.542,   496.298,   827.231,     0.111,    58.000,     0.299,    17.985
2000-02-11,     0.381,     2.173,  1564.293,     0.000,  1025.127,   539.167,   854.499,     0.103,    59.200,     0.298,    17.868
2000-02-12,     0.394,     2.318,  1679.399,     0.000,  1093.618,   585.781,   881.286,     0.110,    60.000,     0.296,    17.759
2000-02-13,     0.406,     2.467,  1799.399,     0.000,  1163.841,   635.558,   907.004,     0.117,    60.000,     0.294,    17.644
2000-02-14,     0.419,     2.622,  1926.138,     0.000,  1236.708,   689.430,   932.498,     0.133,    60.000,     0.292,    17.521
2000-02-15,     0.432,     2.781,  2059.205,     0.000,  1311.860,   747.345,   958.296,     0.163,    60.000,     0.290,    17.384
2000-02-16,     0.446,     2.943,  2196.556,     0.000,  1388.023,   808.533,   983.925,     0.147,    60.000,     0.287,    17.215
2000-02-17,     0.458,     3.103,  2335.903,     0.000,  1463.752,   872.151,  1008.850,     0.172,    60.000,     0.284,    17.063
2000-02-18,     0.471,     3.266,  2479.422,     0.000,  1540.332,   939.089,  1033.543,     0.196,    60.000,     0.281,    16.887
2000-02-19,     0.484,     3.434,  2631.515,     0.000,  1619.927,  1011.588,  1058.645,     0.158,    60.000,     0.278,    16.686
2000-02-20,     0.497,     3.599,  2783.482,     0.000,  1697.796,  1085.685,  1082.607,     0.116,    60.000,     0.275,    16.525
2000-02-21,     0.508,     3.770,  2943.459,     0.000,  1778.144,  1165.314,  1106.750,     0.139,    60.000,     0.273,    16.407
2000-02-22,     0.520,     3.937,  3104.565,     0.000,  1857.014,  1247.551,  1130.337,     0.161,    60.000,     0.271,    16.266
2000-02-23,     0.532,     4.098,  3265.569,     0.000,  1933.196,  1332.373,  1153.154,     0.242,    60.000,     0.268,    16.103
2000-02-24,     0.545,     4.257,  3430.255,     0.000,  2008.254,  1422.000,  1175.677,     0.323,    60.000,     0.264,    15.857
2000-02-25,     0.559,     4.410,  3594.467,     0.000,  2080.156,  1514.311,  1197.308,     0.289,    60.000,     0.259,    15.530
2000-02-26,     0.573,     4.559,  3762.006,     0.000,  2150.371,  1611.635,  1218.499,     0.213,    60.000,     0.254,    15.238
2000-02-27,     0.587,     4.701,  3930.048,     0.000,  2217.617,  1712.431,  1238.874,     0.175,    60.000,     0.250,    15.022
2000-02-28,     0.600,     4.845,  4107.867,     0.000,  2285.259,  1822.608,  1259.471,     0.182,    60.000,     0.247,    14.846
2000-02-29,     0.613,     4.981,  4284.800,     0.000,  2349.555,  1935.245,  1279.148,     0.223,    60.000,     0.244,    14.663
2000-03-01,     0.627,     5.111,  4462.242,     0.000,  2410.898,  2051.344,  1298.037,     0.207,    60.000,     0.241,    14.438
2000-03-02,     0.639,     5.238,  4645.366,     0.000,  2470.688,  2174.678,  1316.592,     0.244,    60.000,     0.237,    14.229
2000-03-03,     0.653,     5.360,  4831.740,     0.000,  2528.348,  2303.392,  1334.633,     0.239,    60.000,     0.233,    13.983
2000-03-04,     0.666,     5.476,  5020.129,     0.000,  2583.623,  2436.506,  1351.953,     0.227,    60.000,     0.229,    13.742
2000-03-05,     0.680,     5.583,  5206.339,     0.000,  2635.773,  2570.567,  1368.175,     0.281,    60.000,     0.225,    13.514
2000-03-06,     0.694,     5.679,  5391.220,     0.000,  2685.067,  2706.154,  1383.393,     0.265,    60.000,     0.221,    13.231
2000-03-07,     0.709,     5.767,  5575.945,     0.000,  2731.650,  2844.295,  1397.653,     0.316,    60.000,     0.216,    12.964
2000-03-08,     0.724,     5.847,  5762.924,     0.000,  2776.138,  2986.786,  1411.343,     0.393,    60.000,     0.211,    12.647
2000-03-09,     0.740,     5.918,  5947.895,     0.000,  2817.454,  3130.442,  1424.258,     0.325,    60.000,     0.204,    12.252
2000-03-10,     0.755,     5.980,  6133.320,     0.000,  2855.950,  3277.371,  1436.531,     0.337,    60.000,     0.199,    11.926
2000-03-11,     0.772,     6.022,  6289.793,     0.000,  2886.085,  3403.709,  1446.347,     0.299,    60.000,     0.193,    11.587
2000-03-12,     0.788,     6.052,  6438.213,     0.000,  2912.174,  3526.039,  1455.089,     0.258,    60.000,     0.188,    11.286
2000-03-13,     0.801,     6.096,  6640.884,     0.000,  2944.558,  3696.326,  1466.293,     0.250,    60.000,     0.187,    11.228
2000-03-14,     0.815,     6.133,  6842.337,     0.000,  2974.124,  3868.213,  1476.838,     0.230,    60.000,     0.183,    10.961
2000-03-15,     0.829,     6.125,  6978.164,     0.000,  2992.223,  3985.941,  1483.538,     0.199,    60.000,     0.179,    10.730
2000-03-16,     0.844,     6.079,  7075.057,     0.000,  3003.781,  4071.276,  1488.016,     0.174,    60.000,     0.175,    10.530
2000-03-17,     0.859,     6.012,  7155.604,     0.000,  3012.199,  4143.405,  1491.475,     0.152,    60.000,     0.173,    10.354
2000-03-18,     0.874,     5.925,  7214.578,     0.000,  3017.484,  4197.094,  1493.815,     0.135,    60.000,     0.170,    10.200
2000-03-19,     0.888,     5.834,  7275.126,     0.000,  3022.053,  4253.073,  1496.030,     0.117,    60.000,     0.168,    10.064
2000-03-20,     0.902,     5.728,  7312.567,     0.000,  3024.361,  4288.205,  1497.288,     0.104,    60.000,     0.166,     9.945
2000-03-21,     0.916,     5.621,  7347.973,     0.000,  3026.046,  4321.927,  1498.376,     0.091,    60.000,     0.164,     9.840
2000-03-22,     0.929,     5.505,  7371.052,     0.000,  3026.823,  4344.228,  1499.051,     0.113,    60.000,     0.162,     9.747
2000-03-23,     0.943,     5.443,  7419.079,     0.000,  3027.796,  4391.283,  1500.386,     0.268,    60.000,     0.197,    11.834
2000-03-24,     0.956,     5.443,  7641.362,     0.000,  3029.369,  4611.992,  1506.254,     0.249,    60.000,     0.192,    11.541
2000-03-25,     0.968,     5.439,  7868.588,    25.519,  3029.369,  4813.700,  1511.946,     0.227,    60.000,     0.188,    11.283
2000-03-26,     0.980,     5.436,  8102.299,   111.528,  3029.369,  4961.402,  1517.487,     0.236,    60.000,     0.184,    11.049
2000-03-27,     0.992,     5.405,  8282.835,   220.261,  3029.369,  5033.205,  1521.546,     0.203,    60.000,     0.180,    10.806
2000-03-28,     1.000,     5.348,  8411.769,   329.822,  3029.369,  5052.578,  1524.278,     0.175,    60.000,     0.177,    10.596
2000-03-29,     1.014,     5.266,  8494.987,   413.039,  3029.369,  5052.578,  1525.977,     0.155,    60.000,     0.174,    10.414
2000-03-30,     1.026,     5.184,  8590.800,   508.852,  3029.369,  5052.578,  1527.788,     0.154,    60.000,     0.171,    10.253
2000-03-31,     1.038,     5.133,  8730.906,   648.958,  3029.369,  5052.578,  1530.270,     0.117,    60.000,     0.168,    10.094
2000-04-01,     1.052,     5.036,  8784.302,   702.355,  3029.369,  5052.578,  1531.148,     0.102,    60.000,     0.166,     9.971
2000-04-02,     1.065,     4.935,  8822.424,   740.476,  3029.369,  5052.578,  1531.722,     0.102,    60.000,     0.166,     9.963
2000-04-03,     1.079,     4.839,  8839.725,   757.777,  3029.369,  5052.578,  1531.958,     0.309,    60.000,     0.222,    13.327
2000-04-04,     1.091,     4.839,  9088.712,  1006.764,  3029.369,  5052.578,  1535.002,     0.334,    60.000,     0.216,    12.979
2000-04-05,     1.103,     4.839,  9342.004,  1260.056,  3029.369,  5052.578,  1537.796,     0.281,    60.000,     0.211,    12.677
2000-04-06,     1.114,     4.839,  9610.674,  1528.726,  3029.369,  5052.578,  1540.426,     0.320,    60.000,     0.206,    12.361
2000-04-07,     1.127,     4.839,  9869.355,  1787.408,  3029.369,  5052.578,  1542.668,     0.337,    60.000,     0.200,    12.030
2000-04-08,     1.143,     4.804, 10028.973,  1947.025,  3029.369,  5052.578,  1543.835,     0.289,    60.000,     0.205,    12.279
2000-04-09,     1.158,     4.804, 10245.701,  2163.754,  3029.369,  5052.578,  1545.077,     0.291,    60.000,     0.201,    12.084
2000-04-10,     1.172,     4.804, 10461.275,  2379.327,  3029.369,  5052.578,  1545.995,     0.397,    60.000,     0.210,    12.595
2000-04-11,     1.187,     4.804, 10713.347,  2631.399,  3029.369,  5052.578,  1546.693,     0.346,    60.000,     0.202,    12.147
2000-04-12,     1.201,     4.787, 10937.991,  2856.043,  3029.369,  5052.578,  1546.991,     0.240,    60.000,     0.197,    11.793
2000-04-13,     1.212,     4.787, 11162.657,  3080.710,  3029.369,  5052.578,  1546.991,     0.279,    60.000,     0.192,    11.547
2000-04-14,     1.225,     4.787, 11398.299,  3316.351,  3029.369,  5052.578,  1546.991,     0.272,    60.000,     0.192,    11.503
2000-04-15,     1.240,     4.755, 11540.531,  3458.583,  3029.369,  5052.578,  1546.991,     0.277,    60.000,     0.203,    12.185
2000-04-16,     1.255,     4.755, 11757.822,  3675.875,  3029.369,  5052.578,  1546.991,     0.338,    60.000,     0.230,    13.771
2000-04-17,     1.269,     4.755, 11999.977,  3918.030,  3029.369,  5052.578,  1546.991,     0.336,    60.000,     0.226,    13.588
2000-04-18,     1.282,     4.523, 12261.610,  4179.662,  3029.369,  5052.578,  1546.991,     0.312,    60.000,     0.220,    13.208
2000-04-19,     1.295,     4.388, 12518.831,  4436.883,  3029.369,  5052.578,  1546.991,     0.348,    60.000,     0.215,    12.880
2000-04-20,     1.312,     4.249, 12759.271,  4677.323,  3029.369,  5052.578,  1546.991,     0.356,    60.000,     0.209,    12.518
2000-04-21,     1.328,     4.104, 12998.687,  4916.740,  3029.369,  5052.578,  1546.991,     0.329,    60.000,     0.202,    12.147
2000-04-22,     1.345,     3.955, 13214.667,  5132.720,  3029.369,  5052.578,  1546.991,     0.235,    60.000,     0.197,    11.805
2000-04-23,     1.359,     3.800, 13387.446,  5305.499,  3029.369,  5052.578,  1546.991,     0.302,    60.000,     0.203,    12.160
2000-04-24,     1.372,     3.641, 13633.613,  5551.665,  3029.369,  5052.578,  1546.991,     0.279,    60.000,     0.197,    11.792
2000-04-25,     1.387,     3.480, 13778.286,  5696.339,  3029.369,  5052.578,  1546.991,     0.243,    60.000,     0.192,    11.498
2000-04-26,     1.402,     3.319, 13908.595,  5826.647,  3029.369,  5052.578,  1546.991,     0.216,    60.000,     0.188,    11.270
2000-04-27,     1.416,     2.988, 14027.914,  5945.966,  3029.369,  5052.578,  1546.991,     0.214,    60.000,     0.189,    11.310
2000-04-28,     1.429,     2.823, 14175.792,  6093.844,  3029.369,  5052.578,  1546.991,     0.276,    60.000,     0.202,    12.110
2000-04-29,     1.441,     2.653, 14379.368,  6297.420,  3029.369,  5052.578,  1546.991,     0.188,    60.000,     0.195,    11.726
2000-04-30,     1.454,     2.485, 14503.741,  6421.794,  3029.369,  5052.578,  1546.991,     0.194,    60.000,     0.192,    11.506
2000-05-01,     1.468,     2.324, 14621.532,  6539.584,  3029.369,  5052.578,  1546.991,     0.228,    60.000,     0.209,    12.544
2000-05-02,     1.483,     2.165, 14767.803,  6685.856,  3029.369,  5052.578,  1546.991,     0.267,    60.000,     0.207,    12.392
2000-05-03,     1.499,     2.012, 14866.164,  6784.217,  3029.369,  5052.578,  1546.991,     0.219,    60.000,     0.199,    11.933
2000-05-04,     1.517,     1.863, 14916.881,  6834.933,  3029.369,  5052.578,  1546.991,     0.194,    60.000,     0.196,    11.750
2000-05-05,     1.535,     1.721, 14953.767,  6871.819,  3029.369,  5052.578,  1546.991,     0.160,    60.000,     0.190,    11.422
2000-05-06,     1.551,     1.578, 14996.145,  6914.197,  3029.369,  5052.578,  1546.991,     0.157,    60.000,     0.205,    12.297
2000-05-07,     1.566,     1.311, 15075.500,  6993.552,  3029.369,  5052.578,  1546.991,     0.162,    60.000,     0.223,    13.387
2000-05-08,     1.582,     1.184, 15130.655,  7048.707,  3029.369,  5052.578,  1546.991,     0.129,    60.000,     0.218,    13.094
2000-05-09,     1.596,     1.062, 15186.303,  7104.355,  3029.369,  5052.578,  1546.991,     0.132,    60.000,     0.244,    14.616
2000-05-10,     1.610,     0.945, 15229.854,  7147.906,  3029.369,  5052.578,  1546.991,     0.134,    60.000,     0.241,    14.463
2000-05-11,     1.626,     0.834, 15254.033,  7172.085,  3029.369,  5052.578,  1546.991,     0.133,    60.000,     0.238,    14.276
2000-05-12,     1.643,     0.730, 15261.752,  7179.805,  3029.369,  5052.578,  1546.991,     0.144,    60.000,     0.231,    13.852
2000-05-13,     1.661,     0.631, 15261.752,  7179.805,  3029.369,  5052.578,  1546.991,     0.137,    60.000,     0.227,    13.610
2000-05-14,     1.681,     0.537, 15261.752,  7179.805,  3029.369,  5052.578,  1546.991,     0.123,    60.000,     0.223,    13.375
2000-05-15,     1.702,     0.449, 15261.752,  7179.805,  3029.369,  5052.578,  1546.991,     0.101,    60.000,     0.219,    13.155
2000-05-16,     1.723,     0.368, 15261.752,  7179.805,  3029.369,  5052.578,  1546.991,     0.078,    60.000,     0.216,    12.955
2000-05-17,     1.743,     0.248, 15261.752,  7179.805,  3029.369,  5052.578,  1546.991,     0.053,    60.000,     0.213,    12.794
2000-05-18,     1.763,     0.180, 15261.752,  7179.805,  3029.369,  5052.578,  1546.991,     0.038,    60.000,     0.211,    12.650
2000-05-19,     1.785,     0.117, 15261.752,  7179.805,  3029.369,  5052.578,  1546.991,     0.023,    60.000,     0.209,    12.516
2000-05-20,     1.805,     0.054, 15261.752,  7179.805,  3029.369,  5052.578,  1546.991,     0.010,    60.000,     0.207,    12.409
2000-05-21,     1.823,     0.036, 15261.752,  7179.805,  3029.369,  5052.578,  1546.991,     0.007,    60.000,     0.206,    12.334
2000-05-22,     1.841,     0.025, 15261.752,  7179.805,  3029.369,  5052.578,  1546.991,     0.005,    60.000,     0.204,    12.262
2000-05-23,     1.859,     0.011, 15261.752,  7179.805,  3029.369,  5052.578,  1546.991,     0.002,    60.000,     0.203,    12.190
2000-05-24,     1.878,     0.007, 15261.752,  7179.805,  3029.369,  5052.578,  1546.991,     0.001,    60.000,     0.242,    14.533
2000-05-25,     1.897,     0.005, 15261.752,  7179.805,  3029.369,  5052.578,  1546.991,     0.001,    60.000,     0.239,    14.369
2000-05-26,     1.915,     0.003, 15261.752,  7179.805,  3029.369,  5052.578,  1546.991,     0.001,    60.000,     0.230,    13.824
2000-05-27,     1.934,     0.000, 15261.752,  7179.805,  3029.369,  5052.578,  1546.991,     0.000,    60.000,     0.228,    13.662
2000-05-28,     1.954,     0.000, 15261.752,  7179.805,  3029.369,  5052.578,  1546.991,     0.000,    60.000,     0.225,    13.506
2000-05-29,     1.974,     0.000, 15261.752,  7179.805,  3029.369,  5052.578,  1546.991,     0.000,    60.000,     0.223,    13.370
2000-05-30,     1.996,     0.000, 15261.752,  7179.805,  3029.369,  5052.578,  1546.991,     0.000,    60.000,     0.220,    13.220
2000-05-31,     2.017,     0.000, 15261.752,  7179.805,  3029.369,  5052.578,  1546.991,     0.000,    60.000,     0.218,    13.075
